          16      1.1626      0.4102      1.9486    0.596633     0.21051
         400      0.7538       0.333      1.4396    0.523618    0.231314
        1296      1.5816      0.7368      0.8256      1.9157    0.892442
        2704      2.7404      1.2654      0.5366     5.10697     2.35818
        4624      4.6282      2.3828      1.0208     4.53389     2.33425
        7056      7.5744      3.5818      1.3974     5.42035     2.56319
       10000        9.73      4.5974       1.865     5.21716     2.46509
       13456      12.383      5.9516      2.2606     5.47775     2.63275
       17424     16.0318      7.5568       2.823     5.67899     2.67687
       21904      19.699      9.4646      3.8864      5.0687     2.43531
       26896     24.5604     11.3946      4.5788     5.36394     2.48856
       32400     28.6546     13.6704      5.8472     4.90057     2.33794
       38416      34.532     16.3492       6.949     4.96935     2.35274
       44944     39.8996     19.0368      8.3604     4.77245     2.27702
       51984     48.3302     22.0412      9.7488     4.95755     2.26091
       59536     52.9122     25.1036       11.19     4.72853      2.2434
       67600     60.3276     28.5956     13.0142     4.63552     2.19726
       76176     68.6748     31.6514     14.5654     4.71493     2.17305
       85264      75.392     35.4474     16.6228     4.53546     2.13246
       94864     85.0684      39.145      18.068     4.70824     2.16654
      104976     93.6938      43.104     19.8972     4.70889     2.16633
      115600     103.898     47.4102     22.8936     4.53832     2.07089
      126736     113.024     52.4276     24.0684     4.69595     2.17828
      138384     122.586     57.0236      26.439     4.63657      2.1568
      150544     135.142     61.6788      28.415       4.756     2.17064
      163216     149.746     67.4368     34.8588     4.29579     1.93457
      176400     155.222     72.2758     33.5568     4.62566     2.15383
      190096     168.526      78.544     37.3732     4.50928     2.10161
      204304      180.36     83.8262     39.9492     4.51473     2.09832
      219024     192.487     88.9508      42.068     4.57561     2.11445
      234256     212.705      95.637     44.4578     4.78442     2.15119
      250000     228.124     102.466     49.3986     4.61803     2.07427
