           2      0.0374      0.2212       0.896   0.0417411    0.246875
         861      1.2114      0.3836       0.943     1.28462    0.406787
        3287       1.317      0.4682      1.4388    0.915346     0.32541
        7336      2.2992      1.0098      0.8536     2.69353     1.18299
       12987      4.2774      1.7642       0.872     4.90528     2.02317
       20112      6.7758      2.8248       1.175     5.76664     2.40409
       28768       9.321      3.8148      1.8276     5.10013     2.08733
       39171     12.8112       5.329      2.3068     5.55367     2.31013
       50973     16.9746       6.548      3.3546      5.0601     1.95195
       64453      20.591      8.4516      4.3034     4.78482     1.96394
       79683     25.9622     10.9376      4.7556     5.45929     2.29994
       96255     31.7994     13.1474      5.5038     5.77772     2.38879
      114367     38.0312     15.6766      6.6698       5.702     2.35039
      134098     43.4282     18.2924      8.1184     5.34935      2.2532
      155455     50.3518     21.4428      9.3192     5.40302     2.30093
      178458     57.6702     24.4266     10.9224     5.27999     2.23638
      202419     64.6332     27.5834     11.9644     5.40213     2.30546
      228457     74.3164     31.2852     13.6188      5.4569     2.29721
      255888     82.7606     35.0644      15.176     5.45339     2.31052
      285175     92.9074     38.6904     17.3026     5.36956      2.2361
      316493     102.973     43.0554     18.9224     5.44184     2.27537
      348971     112.808      47.097      21.434     5.26305      2.1973
      382928     123.687     52.0932     23.8458     5.18693     2.18459
      418930     136.089     56.8596     25.2962     5.37982     2.24775
      454704     149.113      61.858      27.312     5.45961     2.26487
      494311     160.585     66.7802      30.064     5.34143     2.22127
      534483     173.564     72.6192      32.816       5.289     2.21292
      575239     188.614     77.8592      35.127     5.36948     2.21651
      619460     199.442     83.7176      38.247     5.21457     2.18887
      664905     216.193      90.557     40.2946      5.3653     2.24737
      711298     230.201     96.5104     43.4582     5.29707     2.22076
